53070401 128628
53070402 103765
53070403 132257
53070404 124514
53070405 112608
53070406 101913
53070407 122501
53070408 105067
53070409 109544
53070410 131544
53070411 103171
53070412 118781
53070413 101192
53070414 128942
53070415 112857
53070416 130739
53070417 129988
53070418 104613
53070419 116219
53070420 110974
53070421 120342
53070422 110038
53070423 107818
53070424 103913
53070425 100396
53070426 117201
53070427 117191
53070428 102561
53070429 124816
53070430 106815
53070431 112106
53070432 129844
53070433 100392
53070434 120518
53070435 108207
53070436 126745
53070437 125727
53070438 114221
53070439 121552
53070440 115185
53070441 104995
53070442 121537
53070443 108409
53070444 104204
53070445 131793
53070446 105719
53070447 118615
53070448 109103
53070449 108141
53070450 107346
53070451 118771
53070452 112532
53070453 127447
53070454 131719
53070455 104766
53070456 107827
53070457 119226
53070458 121056
53070459 123756
53070460 119104
53070461 120583
53070462 110814
53070463 104198
53070464 109045
53070465 130978
53070466 128802
53070467 129851
53070468 127633
53070469 128859
53070470 100237
53070471 106104
53070472 121249
53070473 124191
53070474 103847
53070475 109880
53070476 115838
53070477 104559
53070478 128061
53070479 109340
53070480 128023
53070481 109330
53070482 131151
53070483 115262
53070484 124656
53070485 125703
53070486 111401
53070487 105667
53070488 105579
53070489 106686
53070490 106447
53070491 130223
53070492 105799
53070493 132488
53070494 122782
53070495 132605
53070496 126310
53070497 130635
53070498 111153
53070499 126704
53070500 117459
